Webots Project File version R2023b
perspectives: 000000ff00000000fd00000002000000010000011c000002befc0200000001fb0000001400540065007800740045006400690074006f00720100000000000002be0000004500ffffff000000030000078000000128fc0100000001fb0000001a0043006f006e0073006f006c00650041006c006c0041006c006c0100000000000007800000008700ffffff00000662000002be00000001000000020000000100000008fc00000000
simulationViewPerspectives: 000000ff000000010000000200000110000005520100000002010000000101
sceneTreePerspectives: 000000ff00000001000000030000001e000000c0000000fa0100000002010000000201
minimizedPerspectives: 000000ff00000000fd00000002000000010000067f000002dafc0200000001fb0000001400540065007800740045006400690074006f0072010000001a000002da0000004200ffffff0000000300000780000000dafc0100000001fb0000001a0043006f006e0073006f006c00650041006c006c0041006c006c0100000000000007800000006900ffffff000000ff000002da00000001000000020000000100000008fc00000000
maximizedDockId: -1
centralWidgetVisible: 1
orthographicViewHeight: 1
textFiles: -1
globalOptionalRendering: DistanceSensorRays::CameraFrustums
consoles: Console:All:All
renderingDevicePerspectives: e-puck:camera;1;0.834821;0;0
renderingDevicePerspectives: supervisor:display;1;0.644302;0.810294;0
