Webots Project File version R2023b
perspectives: 000000ff00000000fd0000000200000001000001d90000033cfc0200000001fb0000001400540065007800740045006400690074006f007200000000000000033c0000008a00ffffff000000030000058000000039fc0100000001fb0000001a0043006f006e0073006f006c00650041006c006c0041006c006c0100000000000005800000008700ffffff000005800000033c00000001000000020000000100000008fc00000000
simulationViewPerspectives: 000000ff00000001000000020000011400000af40100000002010000000101
sceneTreePerspectives: 000000ff000000010000000300000022000000c0000000fa0100000002010000000201
minimizedPerspectives: 000000ff00000000fd00000002000000010000067f000002dafc0200000001fb0000001400540065007800740045006400690074006f0072010000001a000002da0000004200ffffff0000000300000780000000dafc0100000001fb0000001a0043006f006e0073006f006c00650041006c006c0041006c006c0100000000000007800000006900ffffff000000ff000002da00000001000000020000000100000008fc00000000
maximizedDockId: -1
centralWidgetVisible: 1
orthographicViewHeight: 1
textFiles: 0 "controllers/main/main.py"
globalOptionalRendering: DistanceSensorRays::CameraFrustums
consoles: Console:All:All
renderingDevicePerspectives: e-puck:camera;1;0.858096;0.672241;0.425423
renderingDevicePerspectives: e-puck:display;1;0.749672;0.661953;0.128135
